   1.0000000e+00   1.3200000e+02   3.6300000e+02   1.1000000e+02   3.1400000e+02
   2.0000000e+00   1.0100000e+02   3.4300000e+02   1.1400000e+02   3.1100000e+02
   3.0000000e+00   7.2000000e+01   3.2800000e+02   9.9000000e+01   3.0500000e+02
   4.0000000e+00   9.0000000e+01   3.3500000e+02   9.8000000e+01   3.0300000e+02
   5.0000000e+00   9.9000000e+01   3.3300000e+02   8.2000000e+01   2.8700000e+02
   6.0000000e+00   1.1100000e+02   3.5000000e+02   8.7000000e+01   2.9200000e+02
   7.0000000e+00   1.2300000e+02   3.4200000e+02   8.4000000e+01   2.8900000e+02
   8.0000000e+00   1.3900000e+02   3.3600000e+02   9.1000000e+01   2.9800000e+02
   9.0000000e+00   1.6700000e+02   3.5800000e+02   8.6000000e+01   2.9200000e+02
   1.0000000e+01   1.6100000e+02   3.0800000e+02   9.4000000e+01   3.0000000e+02
   1.1000000e+01   1.6900000e+02   3.1500000e+02   7.3000000e+01   2.8500000e+02
   1.2000000e+01   2.3000000e+01   1.7600000e+02   8.1000000e+01   2.6700000e+02
   1.3000000e+01   2.1100000e+02   2.9400000e+02   9.1000000e+01   2.8500000e+02
   1.4000000e+01   2.3000000e+02   3.5300000e+02   1.7600000e+02   3.7600000e+02
   1.5000000e+01   2.5700000e+02   3.8300000e+02   1.8300000e+02   3.7600000e+02
   1.6000000e+01   2.2200000e+02   3.7900000e+02   1.8600000e+02   3.9400000e+02
   1.7000000e+01   2.1400000e+02   3.8200000e+02   2.0600000e+02   4.0300000e+02
   1.8000000e+01   1.9100000e+02   3.7100000e+02   1.9800000e+02   3.9500000e+02
   1.9000000e+01   1.3300000e+02   3.3500000e+02   1.9800000e+02   3.9400000e+02
