   1.0000000e+00   2.0000000e+02   3.7700000e+02   6.6750000e+02   9.8550000e+02
   2.0000000e+00   1.9400000e+02   3.8000000e+02   6.7050000e+02   9.9150000e+02
   3.0000000e+00   1.9100000e+02   3.7100000e+02   6.7950000e+02   9.8550000e+02
   4.0000000e+00   1.9100000e+02   3.6800000e+02   6.7050000e+02   9.8550000e+02
   5.0000000e+00   2.0000000e+02   3.6800000e+02   6.7950000e+02   9.7050000e+02
   6.0000000e+00   1.9700000e+02   3.6800000e+02   6.8550000e+02   9.4350000e+02
   7.0000000e+00   2.0900000e+02   3.6800000e+02   6.9150000e+02   9.2550000e+02
   8.0000000e+00   2.1800000e+02   3.5300000e+02   6.9450000e+02   8.7450000e+02
   9.0000000e+00   2.0600000e+02   3.6200000e+02   6.8550000e+02   8.5950000e+02
   1.1000000e+01   1.9400000e+02   3.3500000e+02   6.8550000e+02   1.0035000e+03
   1.2000000e+01   1.9400000e+02   3.4100000e+02   6.8250000e+02   1.0005000e+03
   1.3000000e+01   1.9100000e+02   3.3500000e+02   6.7050000e+02   9.8250000e+02
   1.4000000e+01   2.0300000e+02   3.3500000e+02   6.6450000e+02   9.6450000e+02
   1.5000000e+01   2.0000000e+02   3.3200000e+02   6.4650000e+02   9.4650000e+02
   1.6000000e+01   2.0000000e+02   3.3200000e+02   6.5250000e+02   9.2850000e+02
   1.7000000e+01   2.0300000e+02   3.2600000e+02   6.4050000e+02   8.8650000e+02
   1.8000000e+01   2.1500000e+02   3.2300000e+02   6.5550000e+02   8.4150000e+02
   1.9000000e+01   2.2700000e+02   3.2600000e+02   6.7350000e+02   8.1750000e+02
   2.1000000e+01   2.0600000e+02   3.2600000e+02   6.7950000e+02   9.9750000e+02
   2.2000000e+01   2.0900000e+02   3.2300000e+02   6.6450000e+02   9.8850000e+02
   2.3000000e+01   2.1200000e+02   3.2300000e+02   6.5550000e+02   9.7350000e+02
   2.4000000e+01   2.1200000e+02   3.2000000e+02   6.4350000e+02   9.5550000e+02
   2.5000000e+01   2.1200000e+02   3.1400000e+02   6.2550000e+02   9.3150000e+02
   2.6000000e+01   2.1800000e+02   3.2000000e+02   6.2250000e+02   9.1350000e+02
   2.7000000e+01   2.2400000e+02   3.1400000e+02   6.1350000e+02   8.8350000e+02
   2.8000000e+01   2.2700000e+02   3.1400000e+02   6.2550000e+02   8.4150000e+02
   2.9000000e+01   2.3913741e+02   2.9858314e+02   6.3623903e+02   7.7164319e+02
   3.1000000e+01   2.2700000e+02   3.1700000e+02   6.6750000e+02   9.8250000e+02
   3.2000000e+01   2.2700000e+02   3.1400000e+02   6.5550000e+02   9.7050000e+02
   3.3000000e+01   2.3300000e+02   3.1100000e+02   6.3750000e+02   9.5550000e+02
   3.4000000e+01   2.3900000e+02   3.0800000e+02   6.2250000e+02   9.5250000e+02
   3.5000000e+01   2.4800000e+02   3.0500000e+02   6.1650000e+02   9.2250000e+02
   3.6000000e+01   2.4200000e+02   3.1100000e+02   6.0150000e+02   9.1050000e+02
   3.7000000e+01   2.4500000e+02   3.0500000e+02   5.8950000e+02   8.6850000e+02
   3.8000000e+01   2.4500000e+02   3.0200000e+02   5.7750000e+02   8.3250000e+02
   3.9000000e+01   2.4200000e+02   2.9600000e+02   5.8650000e+02   7.7850000e+02
   4.1000000e+01   2.6900000e+02   3.0800000e+02   6.6450000e+02   9.7350000e+02
   4.2000000e+01   2.6900000e+02   3.0800000e+02   6.4050000e+02   9.6750000e+02
   4.3000000e+01   2.6900000e+02   3.0800000e+02   6.3150000e+02   9.4050000e+02
   4.4000000e+01   2.6600000e+02   3.0800000e+02   6.0150000e+02   9.2850000e+02
   4.5000000e+01   2.6900000e+02   3.0200000e+02   5.8650000e+02   9.0750000e+02
   4.6000000e+01   2.6600000e+02   3.0500000e+02   5.7450000e+02   8.8650000e+02
   4.7000000e+01   2.7200000e+02   3.0200000e+02   5.6850000e+02   8.5050000e+02
   4.8000000e+01   2.7800000e+02   3.0500000e+02   5.6250000e+02   8.1750000e+02
   4.9000000e+01   2.6900000e+02   3.0500000e+02   5.6250000e+02   7.5750000e+02
   5.1000000e+01   2.7500000e+02   3.1400000e+02   6.6150000e+02   9.7350000e+02
   5.2000000e+01   2.7200000e+02   3.1400000e+02   6.3750000e+02   9.4950000e+02
   5.3000000e+01   2.7200000e+02   3.1400000e+02   6.2250000e+02   9.4050000e+02
   5.4000000e+01   2.6900000e+02   3.1700000e+02   6.0450000e+02   9.1950000e+02
   5.5000000e+01   2.6900000e+02   3.1400000e+02   5.8350000e+02   8.8350000e+02
   5.6000000e+01   2.7200000e+02   3.1700000e+02   5.7750000e+02   8.7150000e+02
   5.7000000e+01   2.7200000e+02   3.1400000e+02   5.5050000e+02   8.1750000e+02
   5.8000000e+01   2.6600000e+02   3.2000000e+02   5.8050000e+02   7.5450000e+02
   5.9000000e+01   2.6900000e+02   3.1400000e+02   5.7150000e+02   7.2750000e+02
   6.1000000e+01   2.9600000e+02   3.5300000e+02   6.6450000e+02   9.6750000e+02
   6.2000000e+01   2.9600000e+02   3.7100000e+02   6.3150000e+02   9.6150000e+02
   6.3000000e+01   2.9000000e+02   3.7100000e+02   6.1350000e+02   9.4350000e+02
   6.4000000e+01   2.8400000e+02   3.7400000e+02   5.8950000e+02   9.1050000e+02
   6.5000000e+01   2.8400000e+02   3.7700000e+02   5.7150000e+02   8.8650000e+02
   6.6000000e+01   2.8700000e+02   3.8000000e+02   5.5350000e+02   8.4750000e+02
   6.7000000e+01   2.9300000e+02   3.7400000e+02   5.3250000e+02   8.1750000e+02
   6.8000000e+01   2.9000000e+02   3.7700000e+02   5.1750000e+02   7.9050000e+02
   6.9000000e+01   2.7500000e+02   3.5600000e+02   5.3850000e+02   7.7250000e+02
   7.1000000e+01   3.0200000e+02   4.0400000e+02   6.4950000e+02   9.6750000e+02
   7.2000000e+01   2.9600000e+02   4.1000000e+02   6.2550000e+02   9.5850000e+02
   7.3000000e+01   2.9600000e+02   4.1000000e+02   5.9850000e+02   9.3150000e+02
   7.4000000e+01   3.0200000e+02   4.1300000e+02   5.7750000e+02   8.8950000e+02
   7.5000000e+01   2.9900000e+02   4.1300000e+02   5.5650000e+02   8.6850000e+02
   7.6000000e+01   2.9900000e+02   4.1300000e+02   5.4150000e+02   8.2950000e+02
   7.7000000e+01   3.0200000e+02   4.0700000e+02   5.2650000e+02   7.7850000e+02
   7.8000000e+01   2.9600000e+02   4.0100000e+02   5.0850000e+02   7.8150000e+02
   7.9000000e+01   2.9900000e+02   4.0400000e+02   5.1450000e+02   7.4550000e+02
   8.1000000e+01   3.2000000e+02   4.7300000e+02   6.6450000e+02   9.9450000e+02
   8.2000000e+01   3.2000000e+02   4.6400000e+02   6.3450000e+02   9.6150000e+02
   8.3000000e+01   3.2000000e+02   4.6700000e+02   6.1050000e+02   9.3150000e+02
   8.4000000e+01   3.2000000e+02   4.7000000e+02   5.9550000e+02   8.9850000e+02
   8.5000000e+01   3.2000000e+02   4.7300000e+02   5.5950000e+02   8.6550000e+02
   8.6000000e+01   3.2600000e+02   4.5800000e+02   5.6550000e+02   8.4450000e+02
   8.7000000e+01   3.2600000e+02   4.6700000e+02   5.3550000e+02   7.9350000e+02
   8.8000000e+01   3.2900000e+02   4.7300000e+02   5.1450000e+02   7.7250000e+02
   8.9000000e+01   3.4100000e+02   4.6700000e+02   5.0550000e+02   7.0050000e+02
